LINE_OFF: +003637.00 pixels
SAMP_OFF: +003712.50 pixels
LAT_OFF: -01.02037197 degrees
LONG_OFF: +119.88758784 degrees
HEIGHT_OFF: -1000.250 meters
LINE_SCALE: +003637.00 pixels
SAMP_SCALE: +003712.50 pixels
LAT_SCALE: +00.11792207 degrees
LONG_SCALE: +000.12424730 degrees
HEIGHT_SCALE: +3276.350 meters
LINE_NUM_COEFF_1: +8.336400252867128E-04
LINE_NUM_COEFF_2: +6.118008271901345E-04
LINE_NUM_COEFF_3: -1.006108649121513E+00
LINE_NUM_COEFF_4: +4.882351156489904E-03
LINE_NUM_COEFF_5: +1.729860850048049E-07
LINE_NUM_COEFF_6: -1.252867306285234E-03
LINE_NUM_COEFF_7: -2.437918894714979E-04
LINE_NUM_COEFF_8: -1.120775337771791E-07
LINE_NUM_COEFF_9: -5.164417270988287E-08
LINE_NUM_COEFF_10: +4.051332855685360E-05
LINE_NUM_COEFF_11: -3.521676946290975E-07
LINE_NUM_COEFF_12: +1.030527971226849E-08
LINE_NUM_COEFF_13: +9.600775590307623E-09
LINE_NUM_COEFF_14: -6.912390209509433E-06
LINE_NUM_COEFF_15: +3.178711939506679E-09
LINE_NUM_COEFF_16: -3.922982033228570E-08
LINE_NUM_COEFF_17: -1.309845981592432E-06
LINE_NUM_COEFF_18: +2.425275412241382E-07
LINE_NUM_COEFF_19: +9.544913737722507E-08
LINE_NUM_COEFF_20: +2.157952422104822E-07
LINE_DEN_COEFF_1: +1.000000000000000E+00
LINE_DEN_COEFF_2: +8.090476266212546E-12
LINE_DEN_COEFF_3: -6.694018029255137E-12
LINE_DEN_COEFF_4: -1.382730809049127E-10
LINE_DEN_COEFF_5: -3.302336386379539E-10
LINE_DEN_COEFF_6: +2.598946264600869E-10
LINE_DEN_COEFF_7: -1.418337139859783E-11
LINE_DEN_COEFF_8: -2.854437189402357E-09
LINE_DEN_COEFF_9: -4.320509267783538E-09
LINE_DEN_COEFF_10: -6.343195657670345E-09
LINE_DEN_COEFF_11: -4.126490441212836E-10
LINE_DEN_COEFF_12: -1.678422015231345E-10
LINE_DEN_COEFF_13: -1.196085578002907E-09
LINE_DEN_COEFF_14: -7.750006965282619E-13
LINE_DEN_COEFF_15: +2.279115959058578E-10
LINE_DEN_COEFF_16: +3.791539286743340E-10
LINE_DEN_COEFF_17: -5.999103818562852E-12
LINE_DEN_COEFF_18: +5.414773655038589E-11
LINE_DEN_COEFF_19: +3.329462466310824E-10
LINE_DEN_COEFF_20: -9.941349500262639E-11
SAMP_NUM_COEFF_1: -6.365802624086315E-03
SAMP_NUM_COEFF_2: +1.035713869372542E+00
SAMP_NUM_COEFF_3: -5.621429155162159E-04
SAMP_NUM_COEFF_4: -3.459494256198453E-02
SAMP_NUM_COEFF_5: +5.248582543874688E-07
SAMP_NUM_COEFF_6: +5.991990772316572E-03
SAMP_NUM_COEFF_7: +1.151198255045902E-03
SAMP_NUM_COEFF_8: +1.297169597953038E-06
SAMP_NUM_COEFF_9: -5.550176387537977E-08
SAMP_NUM_COEFF_10: -1.878264996731632E-04
SAMP_NUM_COEFF_11: -1.052800508178220E-06
SAMP_NUM_COEFF_12: -1.852654788149773E-07
SAMP_NUM_COEFF_13: -7.551259061703776E-08
SAMP_NUM_COEFF_14: +3.296591171160975E-05
SAMP_NUM_COEFF_15: -2.720482106257747E-07
SAMP_NUM_COEFF_16: +2.694262177926961E-09
SAMP_NUM_COEFF_17: +6.363969154677915E-06
SAMP_NUM_COEFF_18: -2.646994447319626E-06
SAMP_NUM_COEFF_19: +1.163255824894638E-07
SAMP_NUM_COEFF_20: -1.030434324356679E-06
SAMP_DEN_COEFF_1: +1.000000000000000E+00
SAMP_DEN_COEFF_2: +7.194478927923827E-10
SAMP_DEN_COEFF_3: +7.964280566510498E-10
SAMP_DEN_COEFF_4: -3.191353074932249E-09
SAMP_DEN_COEFF_5: -2.057097885732277E-07
SAMP_DEN_COEFF_6: +1.985494570488036E-08
SAMP_DEN_COEFF_7: +1.835656047594288E-08
SAMP_DEN_COEFF_8: -1.183466178849037E-07
SAMP_DEN_COEFF_9: -5.688977838893546E-08
SAMP_DEN_COEFF_10: -1.434274776836127E-07
SAMP_DEN_COEFF_11: -3.357763003636272E-09
SAMP_DEN_COEFF_12: -1.784745106534568E-10
SAMP_DEN_COEFF_13: +7.659918974396168E-10
SAMP_DEN_COEFF_14: +2.902157010356418E-10
SAMP_DEN_COEFF_15: -1.914996203414309E-10
SAMP_DEN_COEFF_16: -1.853008491855366E-09
SAMP_DEN_COEFF_17: +3.200108556896270E-10
SAMP_DEN_COEFF_18: -1.400966670806465E-09
SAMP_DEN_COEFF_19: -1.032435593324574E-09
SAMP_DEN_COEFF_20: -2.384511250038998E-09
