version = "28.3";
generationTime = 2018-10-01T19:43:12.000000Z;
productOrderId = "502541638020_01_P003";
productCatalogId = "A010014ADC7CDD00";
childCatalogId = "2020014ADC7CDE00";
imageDescriptor = "Basic1B";
bandId = "MS1";
panSharpenAlgorithm = "None";
numRows = 7168;
numColumns = 9216;
productLevel = "LV1B";
productType = "Basic";
numberOfLooks = 1;
radiometricLevel = "Corrected";
bitsPerPixel = 16;
compressionType = "JPEG2000";
jpegProfileName = "nga_npje_pan_nl";
BEGIN_GROUP = BAND_B
	ULLon =  119.78492266;
	ULLat =   -0.86920921;
	ULHAE =   945.53;
	URLon =  120.00631938;
	URLat =   -0.80305634;
	URHAE =  1201.57;
	LRLon =  120.00506405;
	LRLat =   -0.97264714;
	LRHAE =   904.74;
	LLLon =  119.79044139;
	LLLat =   -1.03190170;
	LLHAE =  2022.38;
	absCalFactor = 1.783568e-02;
	effectiveBandwidth = 5.430000e-02;
	TDILevel = 10;
END_GROUP = BAND_B
BEGIN_GROUP = BAND_G
	ULLon =  119.78492266;
	ULLat =   -0.86920921;
	ULHAE =   945.53;
	URLon =  120.00631938;
	URLat =   -0.80305634;
	URHAE =  1201.57;
	LRLon =  120.00506405;
	LRLat =   -0.97264714;
	LRHAE =   904.74;
	LLLon =  119.79044139;
	LLLat =   -1.03190170;
	LLHAE =  2022.38;
	absCalFactor = 1.364197e-02;
	effectiveBandwidth = 6.300000e-02;
	TDILevel = 10;
END_GROUP = BAND_G
BEGIN_GROUP = BAND_R
	ULLon =  119.78492266;
	ULLat =   -0.86920921;
	ULHAE =   945.53;
	URLon =  120.00631938;
	URLat =   -0.80305634;
	URHAE =  1201.57;
	LRLon =  120.00506405;
	LRLat =   -0.97264714;
	LRHAE =   904.74;
	LLLon =  119.79044139;
	LLLat =   -1.03190170;
	LLHAE =  2022.38;
	absCalFactor = 1.851735e-02;
	effectiveBandwidth = 5.740000e-02;
	TDILevel = 6;
END_GROUP = BAND_R
BEGIN_GROUP = BAND_N
	ULLon =  119.78492266;
	ULLat =   -0.86920921;
	ULHAE =   945.53;
	URLon =  120.00631938;
	URLat =   -0.80305634;
	URHAE =  1201.57;
	LRLon =  120.00506405;
	LRLat =   -0.97264714;
	LRHAE =   904.74;
	LLLon =  119.79044139;
	LLLat =   -1.03190170;
	LLHAE =  2022.38;
	absCalFactor = 2.050828e-02;
	effectiveBandwidth = 9.890000e-02;
	TDILevel = 6;
END_GROUP = BAND_N
outputFormat = "NITF21NCDRD";
BEGIN_GROUP = IMAGE_1
	satId = "WV02";
	mode = "FullSwath";
	scanDirection = "Forward";
	CatId = "10300100841CB500";
	TLCTime = 2018-10-01T02:26:04.585850Z;
	numTLC = 2;
	TLCList = (
	(0,  0.000000),
	(6775,  1.355000)	);
	firstLineTime = 2018-10-01T02:26:04.585850Z;
	avgLineRate = 5000.00;
	exposureDuration = 0.00020000;
	minCollectedRowGSD =   2.741;
	maxCollectedRowGSD =   2.767;
	meanCollectedRowGSD =   2.755;
	minCollectedColGSD =   2.889;
	maxCollectedColGSD =   2.902;
	meanCollectedColGSD =   2.896;
	meanCollectedGSD =   2.824;
	meanProductRowGSD =   2.768;
	meanProductColGSD =   2.905;
	meanProductGSD =   2.836;
	rowUncertainty =   53.58;
	colUncertainty =   47.45;
	minSunAz =  96.1;
	maxSunAz =  96.5;
	meanSunAz =  96.3;
	minSunEl =  68.8;
	maxSunEl =  68.9;
	meanSunEl =  68.9;
	minSatAz =  41.2;
	maxSatAz =  41.6;
	meanSatAz =  41.4;
	minSatEl =  47.9;
	maxSatEl =  48.3;
	meanSatEl =  48.1;
	minInTrackViewAngle =  29.7;
	maxInTrackViewAngle =  30.2;
	meanInTrackViewAngle =  30.0;
	minCrossTrackViewAngle =  21.9;
	maxCrossTrackViewAngle =  22.1;
	meanCrossTrackViewAngle =  22.0;
	minOffNadirViewAngle =  36.4;
	maxOffNadirViewAngle =  36.7;
	meanOffNadirViewAngle =  36.6;
	PNIIRS = 2.5;
	cloudCover = 0.244;
	resamplingKernel = "CC";
	positionKnowledgeSrc = "R";
	attitudeKnowledgeSrc = "R";
	revNumber = 47115;
END_GROUP = IMAGE_1
END;