LINE_OFF: 6498.0002 pixels
SAMP_OFF: 5856.00016 pixels
LAT_OFF: -29.9363509 degrees
LONG_OFF: -51.2582805 degrees
HEIGHT_OFF: 89.2129553 meters
LINE_SCALE: 6498.0002 pixels
SAMP_SCALE: 5856.00016 pixels
LAT_SCALE: 0.0912975141 degrees
LONG_SCALE: 0.120666823 degrees
HEIGHT_SCALE: 92.9430621 meters
LINE_NUM_COEFF_1: -0.00025038592
LINE_NUM_COEFF_2: 0.197984025
LINE_NUM_COEFF_3: -1.14918569
LINE_NUM_COEFF_4: -0.00116479224
LINE_NUM_COEFF_5: 0.000259388811
LINE_NUM_COEFF_6: 9.42700222e-06
LINE_NUM_COEFF_7: -3.45115273e-05
LINE_NUM_COEFF_8: 0.000527742713
LINE_NUM_COEFF_9: 0.000281329186
LINE_NUM_COEFF_10: -4.73870998e-08
LINE_NUM_COEFF_11: -1.8659799e-05
LINE_NUM_COEFF_12: -0.000304611464
LINE_NUM_COEFF_13: 0.000491426389
LINE_NUM_COEFF_14: -4.46413457e-08
LINE_NUM_COEFF_15: 0.0016349403
LINE_NUM_COEFF_16: 3.80983298e-05
LINE_NUM_COEFF_17: 6.36916712e-08
LINE_NUM_COEFF_18: 5.45408873e-06
LINE_NUM_COEFF_19: -2.6966612e-06
LINE_NUM_COEFF_20: -1.43996684e-09
LINE_DEN_COEFF_1: 1.0
LINE_DEN_COEFF_2: -1.12297537e-05
LINE_DEN_COEFF_3: 4.281708e-06
LINE_DEN_COEFF_4: 2.57740168e-08
LINE_DEN_COEFF_5: -1.71998765e-07
LINE_DEN_COEFF_6: -2.60636715e-07
LINE_DEN_COEFF_7: 2.1524015e-07
LINE_DEN_COEFF_8: 2.76547843e-07
LINE_DEN_COEFF_9: 2.45436339e-08
LINE_DEN_COEFF_10: -1.95077057e-08
LINE_DEN_COEFF_11: -1.22040447e-10
LINE_DEN_COEFF_12: 2.08700746e-05
LINE_DEN_COEFF_13: -1.50336283e-07
LINE_DEN_COEFF_14: -6.76803088e-09
LINE_DEN_COEFF_15: -6.72285568e-06
LINE_DEN_COEFF_16: -1.32777903e-06
LINE_DEN_COEFF_17: 1.86971979e-08
LINE_DEN_COEFF_18: -2.57401287e-07
LINE_DEN_COEFF_19: 4.95495763e-08
LINE_DEN_COEFF_20: 5.401176e-09
SAMP_NUM_COEFF_1: -0.0038870197
SAMP_NUM_COEFF_2: 1.12419378
SAMP_NUM_COEFF_3: 0.164096652
SAMP_NUM_COEFF_4: -0.00662402308
SAMP_NUM_COEFF_5: 0.00370038214
SAMP_NUM_COEFF_6: -0.000112720724
SAMP_NUM_COEFF_7: -1.33574238e-05
SAMP_NUM_COEFF_8: 0.011608186
SAMP_NUM_COEFF_9: 0.000730792878
SAMP_NUM_COEFF_10: 4.13010459e-07
SAMP_NUM_COEFF_11: 1.88213534e-05
SAMP_NUM_COEFF_12: 0.00055226075
SAMP_NUM_COEFF_13: -0.000514197909
SAMP_NUM_COEFF_14: 9.40055867e-08
SAMP_NUM_COEFF_15: -0.00167547865
SAMP_NUM_COEFF_16: -3.76489425e-05
SAMP_NUM_COEFF_17: -8.20479559e-08
SAMP_NUM_COEFF_18: -9.29252573e-06
SAMP_NUM_COEFF_19: 2.63902934e-06
SAMP_NUM_COEFF_20: 1.90959882e-09
SAMP_DEN_COEFF_1: 1.0
SAMP_DEN_COEFF_2: 2.8658638e-05
SAMP_DEN_COEFF_3: -9.31251679e-06
SAMP_DEN_COEFF_4: -1.06953251e-07
SAMP_DEN_COEFF_5: 3.59491023e-07
SAMP_DEN_COEFF_6: 6.57916121e-07
SAMP_DEN_COEFF_7: -4.59979653e-07
SAMP_DEN_COEFF_8: -7.03516829e-07
SAMP_DEN_COEFF_9: -4.47420578e-08
SAMP_DEN_COEFF_10: 6.14340335e-08
SAMP_DEN_COEFF_11: -1.73175738e-08
SAMP_DEN_COEFF_12: -5.10336058e-05
SAMP_DEN_COEFF_13: 1.70561248e-06
SAMP_DEN_COEFF_14: 1.11389043e-08
SAMP_DEN_COEFF_15: 9.52411978e-06
SAMP_DEN_COEFF_16: 2.99700928e-06
SAMP_DEN_COEFF_17: -4.08260319e-08
SAMP_DEN_COEFF_18: 7.43523902e-07
SAMP_DEN_COEFF_19: -7.14894987e-08
SAMP_DEN_COEFF_20: -1.76935837e-08