LINE_OFF:		+14148.00 pixels
SAMP_OFF:		+15140.00 pixels
LAT_OFF:		-26.40577025 degrees
LONG_OFF:		-70.40368140 degrees
HEIGHT_OFF:		+678.85 meters
LINE_SCALE:		+14148.00 pixels
SAMP_SCALE:		+15140.00 pixels
LAT_SCALE:		+0.09043842 degrees
LONG_SCALE:		+0.10731536 degrees
HEIGHT_SCALE:		+562.49 meters
LINE_NUM_COEFF_1:	-3.929979144427830e-04
LINE_NUM_COEFF_2:	-1.177893301142325e-02
LINE_NUM_COEFF_3:	-1.011539016592937e+00
LINE_NUM_COEFF_4:	-6.429996214720547e-12
LINE_NUM_COEFF_5:	+1.475247040267047e-05
LINE_NUM_COEFF_6:	-2.374734937419298e-10
LINE_NUM_COEFF_7:	-1.648019059041023e-08
LINE_NUM_COEFF_8:	+4.504297120464344e-04
LINE_NUM_COEFF_9:	+2.016368810988275e-04
LINE_NUM_COEFF_10:	-2.829919834984225e-12
LINE_NUM_COEFF_11:	-4.178910861380739e-08
LINE_NUM_COEFF_12:	-1.393195791369607e-08
LINE_NUM_COEFF_13:	+3.123588542992981e-08
LINE_NUM_COEFF_14:	-4.073900660317936e-10
LINE_NUM_COEFF_15:	-6.871196477145204e-07
LINE_NUM_COEFF_16:	-1.698651399082566e-07
LINE_NUM_COEFF_17:	-3.525615297285025e-08
LINE_NUM_COEFF_18:	-4.847729861261143e-10
LINE_NUM_COEFF_19:	+7.756561900124189e-10
LINE_NUM_COEFF_20:	+7.552115651289808e-12
LINE_DEN_COEFF_1:	+1.000000000000000e+00
LINE_DEN_COEFF_2:	+1.559923583758892e-05
LINE_DEN_COEFF_3:	-1.933944328925498e-04
LINE_DEN_COEFF_4:	-1.667279889271512e-08
LINE_DEN_COEFF_5:	+1.996195345067148e-08
LINE_DEN_COEFF_6:	+4.129876561698068e-08
LINE_DEN_COEFF_7:	-7.575973808343476e-10
LINE_DEN_COEFF_8:	-4.722869094140924e-07
LINE_DEN_COEFF_9:	+1.688130914695444e-07
LINE_DEN_COEFF_10:	+6.009863351839907e-08
LINE_DEN_COEFF_11:	+4.369524273412679e-10
LINE_DEN_COEFF_12:	-3.531353524199591e-11
LINE_DEN_COEFF_13:	-1.184539204605827e-10
LINE_DEN_COEFF_14:	-3.905700958834632e-11
LINE_DEN_COEFF_15:	-1.920101485331498e-09
LINE_DEN_COEFF_16:	+6.808503336325300e-12
LINE_DEN_COEFF_17:	-6.371543352738886e-13
LINE_DEN_COEFF_18:	+5.827842896144130e-09
LINE_DEN_COEFF_19:	+1.917453580532401e-08
LINE_DEN_COEFF_20:	+4.265515449649745e-08
SAMP_NUM_COEFF_1:	-7.706292674934333e-04
SAMP_NUM_COEFF_2:	+1.010064028646788e+00
SAMP_NUM_COEFF_3:	-1.030065523930544e-02
SAMP_NUM_COEFF_4:	-1.432632434581714e-11
SAMP_NUM_COEFF_5:	+3.842528845619764e-04
SAMP_NUM_COEFF_6:	+1.642411355851285e-08
SAMP_NUM_COEFF_7:	-1.698302388360467e-10
SAMP_NUM_COEFF_8:	+3.841694036335853e-04
SAMP_NUM_COEFF_9:	+2.051137223254139e-05
SAMP_NUM_COEFF_10:	+8.337881797444095e-11
SAMP_NUM_COEFF_11:	-1.673844112137807e-09
SAMP_NUM_COEFF_12:	+1.289898731078584e-07
SAMP_NUM_COEFF_13:	-8.211074577039855e-07
SAMP_NUM_COEFF_14:	-7.700503577643255e-08
SAMP_NUM_COEFF_15:	+2.668857296173957e-07
SAMP_NUM_COEFF_16:	-9.984288847050812e-09
SAMP_NUM_COEFF_17:	+7.844039517469338e-10
SAMP_NUM_COEFF_18:	-4.232394017646708e-11
SAMP_NUM_COEFF_19:	+1.718017590214488e-11
SAMP_NUM_COEFF_20:	+2.051044020111021e-11
SAMP_DEN_COEFF_1:	+1.000000000000000e+00
SAMP_DEN_COEFF_2:	+3.943070999845687e-04
SAMP_DEN_COEFF_3:	-3.958457125582291e-04
SAMP_DEN_COEFF_4:	-1.658782596067678e-08
SAMP_DEN_COEFF_5:	+1.759505653599723e-08
SAMP_DEN_COEFF_6:	-5.561568826767275e-11
SAMP_DEN_COEFF_7:	-1.650486527342359e-09
SAMP_DEN_COEFF_8:	-2.159920857126248e-07
SAMP_DEN_COEFF_9:	+7.362470326106703e-07
SAMP_DEN_COEFF_10:	-5.106002488980077e-08
SAMP_DEN_COEFF_11:	-2.649270777686849e-10
SAMP_DEN_COEFF_12:	-2.441371449085498e-10
SAMP_DEN_COEFF_13:	+3.987550409005480e-10
SAMP_DEN_COEFF_14:	+2.939427614329529e-11
SAMP_DEN_COEFF_15:	-1.336143144437324e-09
SAMP_DEN_COEFF_16:	-7.362355149497160e-10
SAMP_DEN_COEFF_17:	+6.301961762944721e-11
SAMP_DEN_COEFF_18:	+1.898760007656211e-08
SAMP_DEN_COEFF_19:	+5.870328833752064e-09
SAMP_DEN_COEFF_20:	+4.255793642438522e-08
