CENTER:-0.85105013231556037000,119.85306407769035000000
TOP_LEFT:-0.80952078535460892000,119.78088667766539000000
TOP_CENTER:-0.79778266904463202000,119.84261840417919000000
TOP_RIGHT:-0.78595649049228733000,119.90495136269855000000
BOTTOM_LEFT:-0.91605979430598128000,119.80177639001150000000
BOTTOM_CENTER:-0.90431779827171621000,119.86351086583946000000
BOTTOM_RIGHT:-0.89248757646239119000,119.92584655504497000000
