LINE_OFF: 6498.0002 pixels
SAMP_OFF: 5856.00016 pixels
LAT_OFF: -30.0769887 degrees
LONG_OFF: -51.2310128 degrees
HEIGHT_OFF: 94.7064941 meters
LINE_SCALE: 6498.0002 pixels
SAMP_SCALE: 5856.00016 pixels
LAT_SCALE: 0.0912287514 degrees
LONG_SCALE: 0.121149907 degrees
HEIGHT_SCALE: 98.0985559 meters
LINE_NUM_COEFF_1: -0.000199651373
LINE_NUM_COEFF_2: 0.199002788
LINE_NUM_COEFF_3: -1.14841265
LINE_NUM_COEFF_4: -0.00123275448
LINE_NUM_COEFF_5: -3.16851118e-05
LINE_NUM_COEFF_6: 1.14718096e-05
LINE_NUM_COEFF_7: -3.46125317e-05
LINE_NUM_COEFF_8: 0.000413200413
LINE_NUM_COEFF_9: 0.000242595406
LINE_NUM_COEFF_10: -3.55214407e-08
LINE_NUM_COEFF_11: 1.91040043e-07
LINE_NUM_COEFF_12: -6.93318598e-06
LINE_NUM_COEFF_13: -5.47544672e-06
LINE_NUM_COEFF_14: -6.02187072e-10
LINE_NUM_COEFF_15: -1.38747659e-05
LINE_NUM_COEFF_16: 1.54991605e-06
LINE_NUM_COEFF_17: -1.12418519e-09
LINE_NUM_COEFF_18: 1.23750184e-07
LINE_NUM_COEFF_19: 3.74652033e-08
LINE_NUM_COEFF_20: 2.27823532e-11
LINE_DEN_COEFF_1: 1.0
LINE_DEN_COEFF_2: -4.91841448e-08
LINE_DEN_COEFF_3: 2.59626636e-10
LINE_DEN_COEFF_4: 6.09525815e-10
LINE_DEN_COEFF_5: -5.9621876e-10
LINE_DEN_COEFF_6: -1.02013887e-09
LINE_DEN_COEFF_7: 3.63699872e-10
LINE_DEN_COEFF_8: 6.77034946e-10
LINE_DEN_COEFF_9: 9.25619458e-11
LINE_DEN_COEFF_10: -1.26131468e-10
LINE_DEN_COEFF_11: 3.06626132e-09
LINE_DEN_COEFF_12: 1.08800885e-07
LINE_DEN_COEFF_13: 1.20004679e-07
LINE_DEN_COEFF_14: 1.61135175e-10
LINE_DEN_COEFF_15: -2.03703341e-07
LINE_DEN_COEFF_16: 2.62530121e-08
LINE_DEN_COEFF_17: -1.45446065e-10
LINE_DEN_COEFF_18: -3.05209404e-09
LINE_DEN_COEFF_19: -1.01740275e-09
LINE_DEN_COEFF_20: 4.15603135e-11
SAMP_NUM_COEFF_1: -0.00379207178
SAMP_NUM_COEFF_2: 1.12583867
SAMP_NUM_COEFF_3: 0.165390534
SAMP_NUM_COEFF_4: -0.00698474225
SAMP_NUM_COEFF_5: 0.00395416467
SAMP_NUM_COEFF_6: -0.000114677996
SAMP_NUM_COEFF_7: -1.55725931e-05
SAMP_NUM_COEFF_8: 0.0112958535
SAMP_NUM_COEFF_9: 0.000771741634
SAMP_NUM_COEFF_10: 4.1576618e-07
SAMP_NUM_COEFF_11: 3.84804703e-06
SAMP_NUM_COEFF_12: 0.000288226577
SAMP_NUM_COEFF_13: -0.000103780066
SAMP_NUM_COEFF_14: 4.00299144e-08
SAMP_NUM_COEFF_15: -0.000312152781
SAMP_NUM_COEFF_16: -7.51614364e-06
SAMP_NUM_COEFF_17: -1.83297387e-08
SAMP_NUM_COEFF_18: -5.02083146e-06
SAMP_NUM_COEFF_19: 5.76028877e-07
SAMP_NUM_COEFF_20: 2.80860647e-10
SAMP_DEN_COEFF_1: 1.0
SAMP_DEN_COEFF_2: 6.41596912e-06
SAMP_DEN_COEFF_3: -2.07351063e-06
SAMP_DEN_COEFF_4: -3.07214885e-08
SAMP_DEN_COEFF_5: 7.3399732e-08
SAMP_DEN_COEFF_6: 1.37388587e-07
SAMP_DEN_COEFF_7: -9.51911057e-08
SAMP_DEN_COEFF_8: -1.52327417e-07
SAMP_DEN_COEFF_9: -8.07231816e-09
SAMP_DEN_COEFF_10: 1.2724087e-08
SAMP_DEN_COEFF_11: -1.47704316e-08
SAMP_DEN_COEFF_12: -1.14321455e-05
SAMP_DEN_COEFF_13: 4.44213124e-07
SAMP_DEN_COEFF_14: 1.77508766e-09
SAMP_DEN_COEFF_15: 1.95088531e-06
SAMP_DEN_COEFF_16: 6.88679414e-07
SAMP_DEN_COEFF_17: -7.85855625e-09
SAMP_DEN_COEFF_18: 1.86351708e-07
SAMP_DEN_COEFF_19: -6.48878509e-09
SAMP_DEN_COEFF_20: -3.51651943e-09