version = "28.3";
generationTime = 2021-09-14T14:31:05.000000Z;
productOrderId = "014379587010_01_P001";
productCatalogId = "A0100106BB2E7C00";
childCatalogId = "20200106BB2E7B00";
imageDescriptor = "Basic1B";
bandId = "Multi";
panSharpenAlgorithm = "None";
numRows = 7623;
numColumns = 9376;
productLevel = "LV1B";
productType = "Basic";
numberOfLooks = 1;
radiometricLevel = "Corrected";
bitsPerPixel = 16;
compressionType = "None";
BEGIN_GROUP = BAND_B
	ULLon =   32.69881880;
	ULLat =   12.55943035;
	ULHAE =   387.18;
	URLon =   32.85371542;
	URLat =   12.56821815;
	URHAE =   385.35;
	LRLon =   32.85407042;
	LRLat =   12.43496568;
	LRHAE =   384.30;
	LLLon =   32.69850487;
	LLLat =   12.42547685;
	LLHAE =   386.32;
	absCalFactor = 8.919000e-03;
	effectiveBandwidth = 6.000000e-02;
	TDILevel = 10;
END_GROUP = BAND_B
BEGIN_GROUP = BAND_G
	ULLon =   32.69881880;
	ULLat =   12.55943035;
	ULHAE =   387.18;
	URLon =   32.85371542;
	URLat =   12.56821815;
	URHAE =   385.35;
	LRLon =   32.85407042;
	LRLat =   12.43496568;
	LRHAE =   384.30;
	LLLon =   32.69850487;
	LLLat =   12.42547685;
	LLHAE =   386.32;
	absCalFactor = 1.202810e-02;
	effectiveBandwidth = 7.000000e-02;
	TDILevel = 6;
END_GROUP = BAND_G
BEGIN_GROUP = BAND_R
	ULLon =   32.69881880;
	ULLat =   12.55943035;
	ULHAE =   387.18;
	URLon =   32.85371542;
	URLat =   12.56821815;
	URHAE =   385.35;
	LRLon =   32.85407042;
	LRLat =   12.43496568;
	LRHAE =   384.30;
	LLLon =   32.69850487;
	LLLat =   12.42547685;
	LLHAE =   386.32;
	absCalFactor = 5.667901e-03;
	effectiveBandwidth = 3.500000e-02;
	TDILevel = 10;
END_GROUP = BAND_R
BEGIN_GROUP = BAND_N
	ULLon =   32.69881880;
	ULLat =   12.55943035;
	ULHAE =   387.18;
	URLon =   32.85371542;
	URLat =   12.56821815;
	URHAE =   385.35;
	LRLon =   32.85407042;
	LRLat =   12.43496568;
	LRHAE =   384.30;
	LLLon =   32.69850487;
	LLLat =   12.42547685;
	LLHAE =   386.32;
	absCalFactor = 1.343020e-02;
	effectiveBandwidth = 1.400000e-01;
	TDILevel = 6;
END_GROUP = BAND_N
outputFormat = "GeoTIFF";
BEGIN_GROUP = IMAGE_1
	satId = "GE01";
	mode = "FullSwath";
	scanDirection = "Reverse";
	CatId = "10500100271C5C00";
	TLCTime = 2021-09-14T08:27:09.895508Z;
	numTLC = 2;
	TLCList = (
	(0,  0.000000),
	(7623,  3.049200)	);
	firstLineTime = 2021-09-14T08:27:09.895508Z;
	avgLineRate = 2500.00;
	exposureDuration = 0.00040000;
	minCollectedRowGSD =   1.945;
	maxCollectedRowGSD =   1.959;
	meanCollectedRowGSD =   1.952;
	minCollectedColGSD =   1.809;
	maxCollectedColGSD =   1.818;
	meanCollectedColGSD =   1.814;
	meanCollectedGSD =   1.882;
	meanProductRowGSD =   1.946;
	meanProductColGSD =   1.811;
	meanProductGSD =   1.877;
	rowUncertainty =   34.55;
	colUncertainty =   11.12;
	minSunAz = 113.8;
	maxSunAz = 114.1;
	meanSunAz = 114.0;
	minSunEl =  68.8;
	maxSunEl =  68.8;
	meanSunEl =  68.8;
	minSatAz = 197.6;
	maxSatAz = 198.0;
	meanSatAz = 197.8;
	minSatEl =  64.6;
	maxSatEl =  66.2;
	meanSatEl =  65.4;
	minInTrackViewAngle = -21.9;
	maxInTrackViewAngle = -21.5;
	meanInTrackViewAngle = -21.7;
	minCrossTrackViewAngle =  -3.9;
	maxCrossTrackViewAngle =  -3.7;
	meanCrossTrackViewAngle =  -3.8;
	minOffNadirViewAngle =  21.8;
	maxOffNadirViewAngle =  22.2;
	meanOffNadirViewAngle =  22.0;
	PNIIRS = 3.0;
	cloudCover = 0.018;
	resamplingKernel = "CC";
	positionKnowledgeSrc = "R";
	attitudeKnowledgeSrc = "R";
	revNumber = 69596;
END_GROUP = IMAGE_1
END;