ProductID= 202601121
SatID= IRS-R2
Sensor= L4FX
SubScene= A
GenAgency= NRSC
Path= 143
Row= 076
SegmentNumber= 
SessionNumber= 3
StripNumber= 
SceneNumber= 
DateOfPass= 02-OCT-2018
NoOfBands= 3
BandNumbers= 234
PassType= SSRD
DateOfDump= 02-OCT-2018
DumpingOrbitNo= 038674
ImagingOrbitNo= 038674
BytesPerPixel= 2
BitsPerPixel= 10
GenerationDateTime= 14-JAN-2020 16:11:49
ProdCode= STUC00GTD
ProdType= GEOREF
InputResolutionAlong=   5.80
InputResolutionAcross=   5.80
OutputResolutionAlong=   5.00
OutputResolutionAcross=   5.00
Season= OCT
ImageFormat= GEOTIFF
ProcessingLevel= STD
ResampCode= CC
NoScans= 16631
NoPixels= 18016
StartPixel= 0
MapProjection= UTM
Ellipsoid= WGS_84
Datum= WGS84
MapOriginLat=   0.000000
MapOriginLon= 117.000000
ProdULLat=  -0.452955
ProdULLon= 119.415634
ProdURLat=  -0.452638
ProdURLon= 120.224147
ProdLRLat=  -1.203722
ProdLRLon= 120.224754
ProdLLLat=  -1.204565
ProdLLLon= 119.416090
ImageULLat= -0.452897
ImageULLon= 119.583772
ImageURLat= -0.452634
ImageURLon= 120.224142
ImageLRLat= -1.203918
ImageLRLon= 120.056059
ImageLLLat= -1.204582
ImageLLLon= 119.416071
ProdULMapX= 768871.443084
ProdULMapY= -50110.000000
ProdURMapX= 858946.443084
ProdURMapY= -50110.000000
ProdLRMapX= 858946.443084
ProdLRMapY= -133260.000000
ProdLLMapX= 768871.443084
ProdLLMapY= -133260.000000
SceneCenterLat=  -0.828491
SceneCenterLon= 119.820167
StandardParallel1=
StandardParallel2=
FalseEasting= 500000.000000
FalseNorthing=   0.000000
ZoneNo= 50
SceneCenterTime= 02-OCT-2018 02:28:28.043361
SceneCenterRoll=  -0.044010
SceneCenterPitch=  -0.072779
SceneCenterYaw=   3.855023
SunAziumthAtCenter=  97.798450
SunElevationAtCenter=  69.402093
ImageHeadingAngle= 192.607801
IncidenceAngle=   0.000000
SatelliteAltitude= 824.091391
Tiltangle= -1.855530
DEMCorrection=YES
SourceOfOrbit= 3
SourceOfAttitude= 1
ImagingDirection= D
B2Temp=  19.2600
B3Temp=  19.2600
B4Temp=  19.2600
B2_Lmin=   0.0000
B3_Lmin=   0.0000
B4_Lmin=   0.0000
B2_Lmax=  52.0000
B3_Lmax=  47.0000
B4_Lmax=  31.5000
B2SaturationRadiance=  47.5614
B3SaturationRadiance=  45.6990
B4SaturationRadiance=  31.5000
Shift%= 0
SatelliteHeadingAngle= 192.607801
SceneStartTime= 02-OCT-2018 02:28:21.564392535
SceneEndTime= 02-OCT-2018 02:28:32.103705705
ProductSceneStartTime= 02-OCT-2018 02:28:20.740140
ProductSceneEndTime= 02-OCT-2018 02:28:35.346581
GhostCorrection= FALSE
JpegNoColumns= 512
JpegNoRows= 555
