bandId = "BGRN";
numTiles = 1;
tileSizeX = 21366;
tileSizeY = 21365;
tileUnits = "Pixels";
tileOverlap = 0;
BEGIN_GROUP = TILE_1
	filename = "16AUG31104614-S3DS-056956784010_01_P001.TIF";
	ULColOffset = 0;
	ULRowOffset = 0;
	URColOffset = 21365;
	URRowOffset = 0;
	LRColOffset = 21365;
	LRRowOffset = 21364;
	LLColOffset = 0;
	LLRowOffset = 21364;
	ULLon =     15.27992605;
	ULLat =     58.70492400;
	URLon =     15.46428273;
	URLat =     58.70439158;
	LRLon =     15.46301041;
	LRLat =     58.60845832;
	LLLon =     15.27915892;
	LLLat =     58.60898875;
	ULX = 516219.75000000;
	ULY = 6507229.74999927;
	URX = 526902.25000000;
	URY = 6507229.74999925;
	LRX = 526902.25000000;
	LRY = 6496547.74999927;
	LLX = 516219.75000000;
	LLY = 6496547.74999929;
END_GROUP = TILE_1
END;