LINE_OFF: +014548.00 pixels
SAMP_OFF: +014849.50 pixels
LAT_OFF: -01.02038807 degrees
LONG_OFF: +119.88760805 degrees
HEIGHT_OFF: -1000.250 meters
LINE_SCALE: +014548.00 pixels
SAMP_SCALE: +014849.50 pixels
LAT_SCALE: +00.11792204 degrees
LONG_SCALE: +000.12424317 degrees
HEIGHT_SCALE: +3276.350 meters
LINE_NUM_COEFF_1: +8.336127929409260E-04
LINE_NUM_COEFF_2: +6.117802894583656E-04
LINE_NUM_COEFF_3: -1.006108479575497E+00
LINE_NUM_COEFF_4: +4.882180842120295E-03
LINE_NUM_COEFF_5: +1.734916623002809E-07
LINE_NUM_COEFF_6: -1.252825525839303E-03
LINE_NUM_COEFF_7: -2.437918177456677E-04
LINE_NUM_COEFF_8: -1.129349807494004E-07
LINE_NUM_COEFF_9: -4.762099550085253E-08
LINE_NUM_COEFF_10: +4.051238627432011E-05
LINE_NUM_COEFF_11: -3.513930982931874E-07
LINE_NUM_COEFF_12: +1.236323848037521E-08
LINE_NUM_COEFF_13: +6.810189578122697E-09
LINE_NUM_COEFF_14: -6.912156295837799E-06
LINE_NUM_COEFF_15: -1.061717560227725E-08
LINE_NUM_COEFF_16: +1.994071159928487E-08
LINE_NUM_COEFF_17: -1.309853556239644E-06
LINE_NUM_COEFF_18: +2.423686805825695E-07
LINE_NUM_COEFF_19: +9.490603222635800E-08
LINE_NUM_COEFF_20: +2.157900352693168E-07
LINE_DEN_COEFF_1: +1.000000000000000E+00
LINE_DEN_COEFF_2: +1.077749846941468E-11
LINE_DEN_COEFF_3: -7.588769224948304E-12
LINE_DEN_COEFF_4: -1.390124058171344E-10
LINE_DEN_COEFF_5: -3.997013991372916E-10
LINE_DEN_COEFF_6: +2.589343528807269E-10
LINE_DEN_COEFF_7: -1.440486038770373E-11
LINE_DEN_COEFF_8: -2.839039439467143E-09
LINE_DEN_COEFF_9: -4.408261185575105E-09
LINE_DEN_COEFF_10: -6.342799553595583E-09
LINE_DEN_COEFF_11: -4.209702235757036E-10
LINE_DEN_COEFF_12: -1.486347843868002E-10
LINE_DEN_COEFF_13: -1.166996441022596E-09
LINE_DEN_COEFF_14: -8.154837198438021E-13
LINE_DEN_COEFF_15: +4.452935934216684E-10
LINE_DEN_COEFF_16: +4.713723288000565E-10
LINE_DEN_COEFF_17: -5.990268739860901E-12
LINE_DEN_COEFF_18: +5.021400222843968E-11
LINE_DEN_COEFF_19: +3.393557392305638E-10
LINE_DEN_COEFF_20: -9.941347219082591E-11
SAMP_NUM_COEFF_1: -6.365822281223663E-03
SAMP_NUM_COEFF_2: +1.035714255495684E+00
SAMP_NUM_COEFF_3: -5.621707467612807E-04
SAMP_NUM_COEFF_4: -3.459528979107666E-02
SAMP_NUM_COEFF_5: +5.247550839366184E-07
SAMP_NUM_COEFF_6: +5.991992566639034E-03
SAMP_NUM_COEFF_7: +1.151236168201908E-03
SAMP_NUM_COEFF_8: +1.297013307452526E-06
SAMP_NUM_COEFF_9: -5.448206991211647E-08
SAMP_NUM_COEFF_10: -1.878283129512036E-04
SAMP_NUM_COEFF_11: -1.052228234624460E-06
SAMP_NUM_COEFF_12: -1.845236400031956E-07
SAMP_NUM_COEFF_13: -7.775267505570948E-08
SAMP_NUM_COEFF_14: +3.296591764867541E-05
SAMP_NUM_COEFF_15: -2.748428846675086E-07
SAMP_NUM_COEFF_16: +1.476593397475433E-08
SAMP_NUM_COEFF_17: +6.364166986962297E-06
SAMP_NUM_COEFF_18: -2.646963039033870E-06
SAMP_NUM_COEFF_19: +1.158509671622949E-07
SAMP_NUM_COEFF_20: -1.030444241201989E-06
SAMP_DEN_COEFF_1: +1.000000000000000E+00
SAMP_DEN_COEFF_2: +7.178757055967628E-10
SAMP_DEN_COEFF_3: +7.974415508277408E-10
SAMP_DEN_COEFF_4: -3.190876216242110E-09
SAMP_DEN_COEFF_5: -2.058060349613952E-07
SAMP_DEN_COEFF_6: +1.985337387577141E-08
SAMP_DEN_COEFF_7: +1.835100655207656E-08
SAMP_DEN_COEFF_8: -1.181556261205511E-07
SAMP_DEN_COEFF_9: -5.811625387419648E-08
SAMP_DEN_COEFF_10: -1.434277897249665E-07
SAMP_DEN_COEFF_11: -3.354968732320510E-09
SAMP_DEN_COEFF_12: -1.228979111925174E-10
SAMP_DEN_COEFF_13: +7.204745227452931E-10
SAMP_DEN_COEFF_14: +2.902000681885690E-10
SAMP_DEN_COEFF_15: -1.977976448124833E-10
SAMP_DEN_COEFF_16: -1.856288770529728E-09
SAMP_DEN_COEFF_17: +3.199128619839733E-10
SAMP_DEN_COEFF_18: -1.398191739932815E-09
SAMP_DEN_COEFF_19: -1.055505358712661E-09
SAMP_DEN_COEFF_20: -2.384510570600316E-09
