LINE_OFF:   +4823.70 pixels
SAMP_OFF:   +5104.24 pixels
LAT_OFF:  -6.04851571 degrees
LONG_OFF: +106.45751078 degrees
HEIGHT_OFF:   +50.000 meters
LINE_SCALE:   +4823.41 pixels
SAMP_SCALE:   +4929.00 pixels
LAT_SCALE:  +0.04365368 degrees
LONG_SCALE:   +0.04441066 degrees
HEIGHT_SCALE:   +50.000 meters
LINE_NUM_COEFF_1: -3.990634078590305E-05
LINE_NUM_COEFF_2: +2.734045645819326E-03
LINE_NUM_COEFF_3: -1.000437676631157E+00
LINE_NUM_COEFF_4: +2.915479437390711E-03
LINE_NUM_COEFF_5: +1.007124607198205E-01
LINE_NUM_COEFF_6: -3.494977459190874E-04
LINE_NUM_COEFF_7: +1.788714343976485E-02
LINE_NUM_COEFF_8: -2.403606542853011E-04
LINE_NUM_COEFF_9: +7.998720192499458E-01
LINE_NUM_COEFF_10: -5.832778539502971E-05
LINE_NUM_COEFF_11: +1.743397921190966E-03
LINE_NUM_COEFF_12: -5.035197506349562E-05
LINE_NUM_COEFF_13: -1.237708417147828E-03
LINE_NUM_COEFF_14: -6.056677584108630E-05
LINE_NUM_COEFF_15: +1.664840278344412E-02
LINE_NUM_COEFF_16: -1.302941411124561E-02
LINE_NUM_COEFF_17: +2.036408104318418E-02
LINE_NUM_COEFF_18: -5.450977499547430E-05
LINE_NUM_COEFF_19: -4.559367533714540E-03
LINE_NUM_COEFF_20: -5.926343499627452E-05
LINE_DEN_COEFF_1: +1.000000000000000E+00
LINE_DEN_COEFF_2: -1.028672517916700E-01
LINE_DEN_COEFF_3: -7.994682701596080E-01
LINE_DEN_COEFF_4: -1.975021568990502E-02
LINE_DEN_COEFF_5: +1.295704465642523E-03
LINE_DEN_COEFF_6: -1.778857004408228E-03
LINE_DEN_COEFF_7: +4.228509463565107E-03
LINE_DEN_COEFF_8: -1.666834455631714E-02
LINE_DEN_COEFF_9: +1.303893718196276E-02
LINE_DEN_COEFF_10: -2.035100240656776E-02
LINE_DEN_COEFF_11: -5.274428501911951E-07
LINE_DEN_COEFF_12: -7.330263519080276E-08
LINE_DEN_COEFF_13: -8.624410557412082E-06
LINE_DEN_COEFF_14: +4.151167878205822E-08
LINE_DEN_COEFF_15: +4.325277933229546E-07
LINE_DEN_COEFF_16: -3.222992610264149E-05
LINE_DEN_COEFF_17: +1.227833661507624E-06
LINE_DEN_COEFF_18: -3.371869704642195E-06
LINE_DEN_COEFF_19: +6.039123761207676E-07
LINE_DEN_COEFF_20: -3.703696542340117E-06
SAMP_NUM_COEFF_1: +6.798175626921972E-07
SAMP_NUM_COEFF_2: +9.974313808089925E-01
SAMP_NUM_COEFF_3: +2.545029107579869E-03
SAMP_NUM_COEFF_4: +1.356670742738320E-04
SAMP_NUM_COEFF_5: -7.976151351452657E-01
SAMP_NUM_COEFF_6: -1.963491850160167E-02
SAMP_NUM_COEFF_7: -2.696122905976250E-04
SAMP_NUM_COEFF_8: -1.025964934992588E-01
SAMP_NUM_COEFF_9: -2.047706827113114E-03
SAMP_NUM_COEFF_10: -2.476883460962314E-06
SAMP_NUM_COEFF_11: +4.154818897724840E-03
SAMP_NUM_COEFF_12: -1.662651603395264E-02
SAMP_NUM_COEFF_13: +1.294530676112098E-02
SAMP_NUM_COEFF_14: -2.030068501275958E-02
SAMP_NUM_COEFF_15: +1.233745730855124E-03
SAMP_NUM_COEFF_16: +4.060607428544186E-05
SAMP_NUM_COEFF_17: -4.901354358302323E-05
SAMP_NUM_COEFF_18: -1.785562449981834E-03
SAMP_NUM_COEFF_19: +1.020146547540990E-04
SAMP_NUM_COEFF_20: -2.759332657004311E-06
SAMP_DEN_COEFF_1: +1.000000000000000E+00
SAMP_DEN_COEFF_2: -1.028672517916700E-01
SAMP_DEN_COEFF_3: -7.994682701596080E-01
SAMP_DEN_COEFF_4: -1.975021568990502E-02
SAMP_DEN_COEFF_5: +1.295704465642523E-03
SAMP_DEN_COEFF_6: -1.778857004408228E-03
SAMP_DEN_COEFF_7: +4.228509463565107E-03
SAMP_DEN_COEFF_8: -1.666834455631714E-02
SAMP_DEN_COEFF_9: +1.303893718196276E-02
SAMP_DEN_COEFF_10: -2.035100240656776E-02
SAMP_DEN_COEFF_11: -5.274428501911951E-07
SAMP_DEN_COEFF_12: -7.330263519080276E-08
SAMP_DEN_COEFF_13: -8.624410557412082E-06
SAMP_DEN_COEFF_14: +4.151167878205822E-08
SAMP_DEN_COEFF_15: +4.325277933229546E-07
SAMP_DEN_COEFF_16: -3.222992610264149E-05
SAMP_DEN_COEFF_17: +1.227833661507624E-06
SAMP_DEN_COEFF_18: -3.371869704642195E-06
SAMP_DEN_COEFF_19: +6.039123761207676E-07
SAMP_DEN_COEFF_20: -3.703696542340117E-06
