ProductID=203660031
SatID=CARTOSAT-2
Sensor=PAN
GenAgency=NRSC
Path=    
Row=    
DateOfPass=28DEC18
PassType=SSD
OrbitNo=64579
AOI_SceneSequenceNumber=01
BytesPerPixel=2
BitsPerPixel=11
GenerationDateTime=26JUN20 14:43:37
ProductCode=STUC00GOD
ProductType=ORTHOKIT
ResolutionAlong=1.00000000
ResolutionAcross=1.00000000
Season=DEC
ImageFormat=GeoTIFF
ProcessingLevel=GEO
ResampCode=CC
NoScans=9536
NoPixels=10048
MapProjection=UTM 
Ellipsoid=WGS_84
Datum=WGS_84
MapOriginLat=0.00000000
MapOriginLon=105.00000000
ProdULLat=-6.00510377
ProdULLon=106.41129163
ProdURLat=-6.00486204
ProdURLon=106.50205582
ProdLRLat=-6.09109776
ProdLRLon=106.50229384
ProdLLLat=-6.09134299
ProdLLLon=106.41151528
ProdULMapX=656200.94810193
ProdULMapY=9336029.96299604
ProdURMapX=666248.94810193
ProdURMapY=9336029.96299604
ProdLRMapX=656200.94810193
ProdLRMapY=9326493.96299604
ProdLLMapX=666248.94810193
ProdLLMapY=9326493.96299604
SceneCenterLat=-6.04810357
SceneCenterLon=106.45678919
SatAltitude=637147.83415000
SunAzimuth=119.79799774
SunElevation=47.15876842
SatelliteHeading=191.79635279
AngleIncidence=15.74005824
DEMCorrection=NONE
SourceOrbitvalues=2
SourceQs=1
SourceQsUsed=SS1
CompressionType=CI  
CCDTemp=0.00000000
SceneCenterTime=02:15:56:0151
SceneCenterRoll=2.64216402
SceneCenterPitch=14.15298185
SceneCenterYaw=-7.58274126
SceneStartTime=02:15:51:6171
ImagingMode=PAINTBRUSH
ImageHeading=192.41799655
CompressionTable=7
YawSteeringTableNumber= 
Lmin=0.00000000
Lmax=52.34800000
NoLineLoss=0
AdifRegenCounter=0
DPCounter=1
Adif_regen_Rbias=0.00000000
Adif_regen_Pbias=0.00000000
Adif_regen_Ybias=0.00000000
MapSheetId=       
PayloadFlag=2
OnboardSessionNumber=96
OnboardStripNumber=0
SessionNumber=2
SegmentNumber=1
SceneSeqNumber=2
StripNumber=1
NumOfStrips=1
VariableLineIntgrationTimeFactor=1
ImagingDirection=F
ImagingOrientation=NORTH
meanElevation=0.00000000
PortNumbers=0
PlannedGSD=0.39062500
ObservedGSDScan=0.39342345
ObservedGSDPixel=0.83327899
ArtifactLocations=NONE
TerrainCorrected=False
HostName=opticalDP5
ImageULLat=-6.00509927
ImageULLon=106.41161030
ImageURLat=-6.00542096
ImageURLon=106.50195592
ImageLRLat=-6.09098560
ImageLRLon=106.50101932
ImageLLLat=-6.09025252
ImageLLLon=106.41243947
