version = "28.3";
generationTime = 2021-08-06T17:01:55.000000Z;
productOrderId = "505570424020_01_P001";
productCatalogId = "A010014E0B15F800";
childCatalogId = "2020014E0B15F700";
imageDescriptor = "Basic1B";
bandId = "Multi";
panSharpenAlgorithm = "None";
numRows = 9216;
numColumns = 10240;
productLevel = "LV1B";
productType = "Basic";
numberOfLooks = 1;
radiometricLevel = "Corrected";
bitsPerPixel = 16;
compressionType = "JPEG2000";
jpegProfileName = "nga_npje_pan_nl";
BEGIN_GROUP = BAND_B
	ULLon =  130.84324764;
	ULLat =   47.80853337;
	ULHAE =   115.93;
	URLon =  131.08288152;
	URLat =   47.82385135;
	URHAE =   121.48;
	LRLon =  131.08518763;
	LRLat =   47.66874686;
	LRHAE =    85.57;
	LLLon =  130.84102054;
	LLLat =   47.64924252;
	LLHAE =   105.32;
	absCalFactor = 8.919000e-03;
	effectiveBandwidth = 6.000000e-02;
	TDILevel = 10;
END_GROUP = BAND_B
BEGIN_GROUP = BAND_G
	ULLon =  130.84324764;
	ULLat =   47.80853337;
	ULHAE =   115.93;
	URLon =  131.08288152;
	URLat =   47.82385135;
	URHAE =   121.48;
	LRLon =  131.08518763;
	LRLat =   47.66874686;
	LRHAE =    85.57;
	LLLon =  130.84102054;
	LLLat =   47.64924252;
	LLHAE =   105.32;
	absCalFactor = 7.094500e-03;
	effectiveBandwidth = 7.000000e-02;
	TDILevel = 10;
END_GROUP = BAND_G
BEGIN_GROUP = BAND_R
	ULLon =  130.84324764;
	ULLat =   47.80853337;
	ULHAE =   115.93;
	URLon =  131.08288152;
	URLat =   47.82385135;
	URHAE =   121.48;
	LRLon =  131.08518763;
	LRLat =   47.66874686;
	LRHAE =    85.57;
	LLLon =  130.84102054;
	LLLat =   47.64924252;
	LLHAE =   105.32;
	absCalFactor = 5.667901e-03;
	effectiveBandwidth = 3.500000e-02;
	TDILevel = 10;
END_GROUP = BAND_R
BEGIN_GROUP = BAND_N
	ULLon =  130.84324764;
	ULLat =   47.80853337;
	ULHAE =   115.93;
	URLon =  131.08288152;
	URLat =   47.82385135;
	URHAE =   121.48;
	LRLon =  131.08518763;
	LRLat =   47.66874686;
	LRHAE =    85.57;
	LLLon =  130.84102054;
	LLLat =   47.64924252;
	LLHAE =   105.32;
	absCalFactor = 7.987000e-03;
	effectiveBandwidth = 1.400000e-01;
	TDILevel = 10;
END_GROUP = BAND_N
outputFormat = "NITF21NCDRD";
BEGIN_GROUP = IMAGE_1
	satId = "GE01";
	mode = "FullSwath";
	scanDirection = "Reverse";
	CatId = "1050010023250300";
	TLCTime = 2021-03-18T02:12:24.150078Z;
	numTLC = 2;
	TLCList = (
	(0,  0.000000),
	(9137, -3.654800)	);
	firstLineTime = 2021-03-18T02:12:24.150128Z;
	avgLineRate = 2500.00;
	exposureDuration = 0.00040000;
	minCollectedRowGSD =   1.887;
	maxCollectedRowGSD =   1.959;
	meanCollectedRowGSD =   1.928;
	minCollectedColGSD =   1.931;
	maxCollectedColGSD =   1.979;
	meanCollectedColGSD =   1.959;
	meanCollectedGSD =   1.943;
	meanProductRowGSD =   1.918;
	meanProductColGSD =   1.950;
	meanProductGSD =   1.934;
	rowUncertainty =   26.93;
	colUncertainty =   28.00;
	minSunAz = 156.5;
	maxSunAz = 156.6;
	meanSunAz = 156.6;
	minSunEl =  39.0;
	maxSunEl =  39.1;
	meanSunEl =  39.1;
	minSatAz =  44.9;
	maxSatAz =  47.5;
	meanSatAz =  45.9;
	minSatEl =  63.1;
	maxSatEl =  64.7;
	meanSatEl =  63.8;
	minInTrackViewAngle =  17.4;
	maxInTrackViewAngle =  20.4;
	meanInTrackViewAngle =  19.1;
	minCrossTrackViewAngle =  14.1;
	maxCrossTrackViewAngle =  14.3;
	meanCrossTrackViewAngle =  14.2;
	minOffNadirViewAngle =  22.4;
	maxOffNadirViewAngle =  24.6;
	meanOffNadirViewAngle =  23.7;
	PNIIRS = 2.9;
	cloudCover = 0.000;
	resamplingKernel = "CC";
	positionKnowledgeSrc = "R";
	attitudeKnowledgeSrc = "R";
	revNumber = 66958;
END_GROUP = IMAGE_1
END;