CENTER:-0.95492573444828355000,119.87344190792152000000
TOP_LEFT:-0.91340164248524458000,119.80125506970819000000
TOP_CENTER:-0.90165974522125258000,119.86298947417465000000
TOP_RIGHT:-0.88982962628302098000,119.92532509244178000000
BOTTOM_LEFT:-1.01993452887321600000,119.82215756535589000000
BOTTOM_CENTER:-1.00818872238656400000,119.88389500577300000000
BOTTOM_RIGHT:-0.99635452986786877000,119.94623364693717000000
