LINE_OFF:	+14977.75 pixels
SAMP_OFF:	+15601.75 pixels
LAT_OFF:	 -16.65376330 degrees
LONG_OFF:	+178.68796373 degrees
HEIGHT_OFF:	 +215.56 meters
LINE_SCALE:	+14977.75 pixels
SAMP_SCALE:	+15601.75 pixels
LAT_SCALE:	  +0.09556953 degrees
LONG_SCALE:	  +0.10320059 degrees
HEIGHT_SCALE:	 +232.16 meters
LINE_NUM_COEFF_1:	-2.140516840218441e-004
LINE_NUM_COEFF_2:	+8.868064355375190e-003
LINE_NUM_COEFF_3:	-1.008723272704502e+000
LINE_NUM_COEFF_4:	+2.743248149350609e-013
LINE_NUM_COEFF_5:	-2.253360349204241e-005
LINE_NUM_COEFF_6:	+2.685112652886150e-012
LINE_NUM_COEFF_7:	-2.490561237361966e-010
LINE_NUM_COEFF_8:	+2.712444599822959e-004
LINE_NUM_COEFF_9:	+1.099556515054619e-004
LINE_NUM_COEFF_10:	-1.303040591251913e-011
LINE_NUM_COEFF_11:	+6.730060071110764e-010
LINE_NUM_COEFF_12:	+1.015985638901514e-008
LINE_NUM_COEFF_13:	-2.592067904725671e-008
LINE_NUM_COEFF_14:	+1.066947030735205e-009
LINE_NUM_COEFF_15:	-7.902654972766383e-007
LINE_NUM_COEFF_16:	-1.931443041063703e-007
LINE_NUM_COEFF_17:	-1.214492974292805e-007
LINE_NUM_COEFF_18:	-6.551279721582646e-012
LINE_NUM_COEFF_19:	+1.062545918103043e-011
LINE_NUM_COEFF_20:	-4.816731531556029e-014
LINE_DEN_COEFF_1:	+1.000000000000000e+000
LINE_DEN_COEFF_2:	-2.323742302873967e-005
LINE_DEN_COEFF_3:	-1.048036182475680e-004
LINE_DEN_COEFF_4:	-2.514928722692531e-010
LINE_DEN_COEFF_5:	-1.689450688549765e-008
LINE_DEN_COEFF_6:	-6.671296066556907e-010
LINE_DEN_COEFF_7:	-1.047069830828007e-011
LINE_DEN_COEFF_8:	-6.098713413506600e-007
LINE_DEN_COEFF_9:	+1.851822700751343e-007
LINE_DEN_COEFF_10:	+1.207747455316628e-007
LINE_DEN_COEFF_11:	-5.026504292457802e-012
LINE_DEN_COEFF_12:	-3.170880555585755e-011
LINE_DEN_COEFF_13:	+9.792443437305957e-011
LINE_DEN_COEFF_14:	-2.061685604222196e-012
LINE_DEN_COEFF_15:	-1.299097548887218e-009
LINE_DEN_COEFF_16:	-8.546053407074555e-012
LINE_DEN_COEFF_17:	-1.160448805061673e-013
LINE_DEN_COEFF_18:	+9.809895675786334e-011
LINE_DEN_COEFF_19:	+3.060227168580949e-010
LINE_DEN_COEFF_20:	+3.102821307685179e-010
SAMP_NUM_COEFF_1:	+4.906335659517747e-004
SAMP_NUM_COEFF_2:	+1.008036574031398e+000
SAMP_NUM_COEFF_3:	+8.178323397372655e-003
SAMP_NUM_COEFF_4:	+6.339692032339199e-014
SAMP_NUM_COEFF_5:	+2.453885664175683e-004
SAMP_NUM_COEFF_6:	+2.489416644924259e-010
SAMP_NUM_COEFF_7:	+2.201261750402355e-012
SAMP_NUM_COEFF_8:	-2.371205328150705e-004
SAMP_NUM_COEFF_9:	-2.489001292223143e-005
SAMP_NUM_COEFF_10:	-3.537903387246585e-011
SAMP_NUM_COEFF_11:	-6.662484951451634e-011
SAMP_NUM_COEFF_12:	+1.331143812555187e-007
SAMP_NUM_COEFF_13:	-7.762894304366326e-007
SAMP_NUM_COEFF_14:	-7.388422829766306e-008
SAMP_NUM_COEFF_15:	-9.440055343804857e-008
SAMP_NUM_COEFF_16:	+8.155357355864107e-009
SAMP_NUM_COEFF_17:	-5.980593387634674e-010
SAMP_NUM_COEFF_18:	+1.269944308867851e-012
SAMP_NUM_COEFF_19:	-5.757592276843593e-013
SAMP_NUM_COEFF_20:	+5.627544730882406e-014
SAMP_DEN_COEFF_1:	+1.000000000000000e+000
SAMP_DEN_COEFF_2:	-2.575572855517636e-004
SAMP_DEN_COEFF_3:	-2.511689724049330e-004
SAMP_DEN_COEFF_4:	-2.504253132973557e-010
SAMP_DEN_COEFF_5:	-1.756493782246867e-008
SAMP_DEN_COEFF_6:	+1.493825577207605e-012
SAMP_DEN_COEFF_7:	-6.602644103961537e-011
SAMP_DEN_COEFF_8:	-3.164028376353865e-007
SAMP_DEN_COEFF_9:	+7.358925337640376e-007
SAMP_DEN_COEFF_10:	-7.292079696085869e-008
SAMP_DEN_COEFF_11:	+3.738310694279518e-012
SAMP_DEN_COEFF_12:	+1.166991428106006e-010
SAMP_DEN_COEFF_13:	-2.189108835464014e-010
SAMP_DEN_COEFF_14:	+1.217325371317755e-012
SAMP_DEN_COEFF_15:	-9.190671202028472e-010
SAMP_DEN_COEFF_16:	-4.943404187877321e-010
SAMP_DEN_COEFF_17:	+3.686909366108855e-011
SAMP_DEN_COEFF_18:	+3.045918580907775e-010
SAMP_DEN_COEFF_19:	+9.831042666203454e-011
SAMP_DEN_COEFF_20:	+3.098348479798515e-010
